369 351 365
366 354 368
367 355 370
371 353 373
373 352 376
373 356 377
375 361 377
381 361 375
383 362 373
379 368 371
392 398 354
372 363 369
375 365 364
375 356 359
369 362 357
365 363 362
364 357 359
363 358 356
363 360 354
363 361 359
364 359 362
365 359 363
367 360 364
367 362 368
369 358 372
372 358 372
377 352 372
376 355 376
378 353 371
376 352 376
376 350 372
377 350 371
375 349 370
374 350 368
373 349 367
373 349 366
372 351 365
371 350 367
371 354 368
370 353 372
372 352 377
374 350 378
374 352 378
375 355 381
376 355 379
377 359 378
382 364 374
380 361 368
378 363 369
376 363 365
377 363 363
382 381 353
365 366 357
364 368 356
363 365 354
360 365 354
360 366 356
365 364 360
368 357 361
369 357 364
372 360 365
374 364 369
376 366 366
381 355 377
380 357 374
377 351 379
380 350 378
382 350 375
381 342 377
379 341 374
376 344 369
374 347 367
371 351 366
372 353 367
370 352 370
369 348 373
370 352 375
372 355 376
376 355 376
377 358 375
379 358 376
379 361 375
380 361 373
377 362 369
379 361 367
376 358 364
370 362 362
368 358 360
366 358 358
364 358 356
362 359 355
360 359 355
362 362 357
364 360 360
363 355 360
365 362 365
368 365 368
374 362 370
378 357 371
381 357 376
379 358 377
383 354 374
384 349 374
381 347 380
378 348 380
380 343 370
376 345 369
372 345 370
371 345 369
369 348 371
368 347 373
367 348 377
368 353 376
372 356 377
373 356 380
375 353 381
375 358 379
380 363 376
382 365 371
384 363 363
382 362 363
376 361 363
373 360 356
371 359 358
363 358 364
363 359 357
362 360 356
361 359 358
361 359 362
363 359 361
364 361 361
370 365 366
373 363 372
374 359 372
378 356 375
377 360 372
381 353 377
383 349 373
382 348 374
383 346 372
381 344 369
377 344 370
375 340 372
371 339 371
371 344 369
372 350 369
370 352 370
370 353 376
372 353 378
374 354 377
376 359 379
376 360 377
379 363 369
381 362 367
379 363 365
375 364 366
377 357 362
375 357 360
368 360 363
365 356 361
364 355 357
363 357 354
362 359 353
364 361 355
367 357 356
369 361 358
375 369 367
374 358 376
375 354 378
380 355 377
383 358 384
382 348 383
386 342 374
384 345 377
385 341 374
383 336 371
380 341 369
376 342 366
373 345 363
370 349 366
369 352 367
370 350 370
372 351 374
372 355 374
371 357 375
375 360 380
376 358 378
379 358 377
377 363 371
376 368 370
378 363 364
379 372 359
371 368 358
368 363 358
368 358 354
364 356 353
364 358 353
363 357 357
366 356 356
367 362 360
369 363 368
370 357 373
373 353 378
376 353 377
381 353 379
382 350 378
381 351 377
381 340 376
382 342 375
379 345 373
378 340 372
375 334 373
372 345 372
372 348 370
373 343 373
372 349 375
373 353 374
374 354 375
373 355 376
373 363 376
377 357 373
375 355 372
373 357 368
375 352 362
371 347 360
370 359 356
369 357 352
366 356 349
365 360 349
366 363 351
367 358 355
370 353 361
368 356 365
372 359 371
374 350 375
375 353 375
382 353 379
377 347 382
378 346 378
382 343 375
382 344 378
378 344 370
377 340 370
375 337 371
370 340 369
369 344 368
368 346 367
368 346 370
370 347 373
370 348 375
372 351 375
371 355 379
372 356 378
372 355 376
376 358 380
378 358 371
376 356 368
378 353 370
375 359 367
372 361 361
368 361 358
367 364 355
365 366 353
364 367 352
364 365 357
366 356 362
363 356 366
365 358 372
372 351 372
376 344 375
373 348 378
371 350 379
377 341 373
373 343 372
374 344 373
376 338 378
375 336 372
373 335 376
372 334 376
370 338 375
369 342 373
370 345 372
371 347 371
372 348 374
374 346 376
376 347 377
378 353 374
377 354 371
375 350 368
374 349 366
373 354 363
370 352 359
367 350 357
365 354 355
363 356 353
362 358 352
363 361 353
364 360 356
365 357 360
365 355 366
367 351 368
371 354 372
374 349 372
375 343 372
378 347 370
384 348 370
384 350 371
388 349 371
380 346 366
382 344 375
381 342 372
377 342 369
379 342 366
373 347 366
372 350 362
370 351 363
369 351 366
365 348 371
369 351 374
371 354 379
374 347 382
378 348 382
381 354 384
384 360 382
382 363 379
376 366 376
375 365 371
374 362 366
373 364 361
367 360 356
365 360 353
364 362 351
363 362 348
365 365 349
365 363 356
364 358 360
367 356 361
368 355 370
373 350 374
373 355 368
374 355 378
379 345 373
380 349 378
384 348 375
381 342 378
379 339 374
379 342 371
379 345 366
377 346 369
374 344 368
371 346 368
371 349 367
370 347 368
369 344 369
369 348 370
371 347 372
376 343 375
377 343 380
378 347 381
380 351 382
381 352 377
380 354 374
375 357 370
376 357 365
373 356 360
370 357 358
367 360 356
366 360 353
367 359 350
366 363 353
366 362 358
364 357 358
370 358 360
371 353 367
367 350 371
371 354 370
378 351 367
380 351 373
383 342 382
381 339 376
384 343 373
382 340 370
381 340 368
381 344 368
379 343 362
376 342 366
376 343 366
376 343 366
372 345 369
369 345 370
369 345 375
372 344 380
375 343 383
379 344 383
383 349 381
384 352 378
383 355 376
384 356 374
383 354 368
381 360 361
378 364 354
377 364 352
370 356 351
370 356 348
369 357 347
367 355 351
364 351 355
365 351 356
368 355 358
369 350 365
368 343 367
371 352 370
374 351 372
378 349 376
385 344 390
389 344 379
388 343 376
386 339 375
387 336 370
384 344 366
376 343 364
374 344 364
372 344 362
371 343 358
370 347 360
368 349 361
367 347 363
365 347 368
367 347 372
374 341 374
378 341 380
377 342 387
382 345 386
387 349 383
391 352 386
387 355 380
388 365 370
384 360 368
378 363 366
373 357 363
368 358 358
366 361 353
363 361 346
361 359 348
361 361 346
364 361 348
366 360 353
370 352 355
373 352 357
374 355 363
378 350 365
378 353 366
377 348 378
375 337 379
376 338 384
381 331 379
379 326 379
373 325 372
375 325 369
371 329 368
366 334 364
375 331 359
372 333 364
366 335 369
369 339 368
371 341 369
369 343 373
370 347 378
370 346 401
376 352 384
383 345 392
375 351 384
377 361 387
382 367 378
383 360 375
374 358 372
370 361 369
367 361 355
366 359 347
364 359 342
362 362 342
357 363 346
357 357 349
360 357 353
363 353 357
365 354 360
367 354 361
371 358 363
379 361 370
378 354 376
384 344 379
385 344 394
384 338 389
382 325 385
382 326 376
375 329 373
375 329 365
378 328 363
371 335 355
368 333 364
369 335 366
371 333 368
370 335 369
367 338 373
368 337 377
372 340 378
375 345 381
379 347 378
384 350 373
383 349 370
379 353 374
380 354 368
379 360 363
379 355 358
373 356 354
368 358 348
367 359 345
366 358 344
364 356 345
363 356 349
366 354 354
369 351 361
370 343 365
376 345 370
375 344 368
374 338 367
374 337 371
372 340 372
375 336 368
377 335 366
376 336 366
374 334 365
375 334 365
375 336 367
372 337 371
374 330 370
377 332 371
373 329 376
368 328 381
372 335 380
376 341 377
375 343 380
374 343 382
377 346 384
379 350 383
382 352 374
381 353 372
378 350 373
377 349 369
374 351 365
371 355 356
368 356 347
365 353 344
361 351 342
359 350 341
360 350 341
360 351 345
360 345 351
361 347 354
364 354 358
366 344 362
368 346 369
370 350 370
379 349 371
384 348 371
386 348 378
387 344 378
389 342 388
392 332 376
389 327 379
385 333 367
383 331 377
384 335 360
380 336 359
375 341 359
370 341 360
367 345 361
367 344 363
367 343 365
367 344 370
369 339 370
372 338 372
372 339 376
373 342 379
377 346 377
380 349 394
378 354 379
382 353 380
385 359 372
386 363 366
379 359 362
375 365 363
371 360 357
370 356 353
368 360 348
367 358 346
365 355 346
365 354 350
366 357 355
366 354 359
367 352 362
369 352 365
371 359 367
376 357 368
382 358 370
384 351 384
394 336 376
396 338 372
396 330 371
387 334 371
384 334 366
382 331 360
381 336 358
376 340 358
374 340 358
371 344 359
368 345 359
370 345 360
371 344 361
371 347 362
374 346 365
377 347 368
377 349 370
377 347 374
379 349 376
382 345 376
381 356 377
382 358 381
383 359 376
385 368 368
383 369 365
381 361 362
374 362 359
371 363 355
370 361 352
368 362 351
368 362 350
366 362 349
365 361 352
363 360 356
366 360 360
369 357 366
372 354 367
376 354 372
378 355 374
382 353 378
388 350 378
388 351 375
389 342 372
391 341 372
392 338 366
393 335 362
386 332 365
381 328 367
375 333 360
369 340 362
367 347 359
363 348 358
364 350 357
364 354 356
364 353 357
372 353 364
372 349 369
377 345 374
384 345 374
385 348 375
389 352 377
391 359 382
388 366 379
384 365 371
387 366 364
389 363 360
381 368 360
374 362 358
376 356 354
374 358 354
368 356 355
365 349 354
366 352 352
367 356 351
368 355 354
367 353 354
370 357 359
373 360 363
375 358 369
377 352 371
379 355 375
385 351 373
387 345 373
390 349 371
390 344 369
392 341 370
390 335 369
386 336 364
386 336 362
386 339 360
383 347 356
376 351 352
374 360 352
374 358 353
370 356 356
367 352 359
367 352 363
369 351 363
374 353 368
380 348 370
382 346 369
388 348 370
396 349 370
392 353 372
392 355 373
394 358 366
390 363 360
387 365 357
380 357 353
373 356 356
372 359 358
371 357 357
371 356 355
370 356 355
368 357 355
367 359 354
368 358 355
368 357 354
372 361 357
373 359 359
376 355 362
381 354 366
384 350 367
384 348 371
376 345 365
386 346 368
386 342 365
388 342 364
386 344 362
386 346 358
384 343 357
383 342 357
380 342 357
378 344 359
376 345 359
372 347 358
370 351 359
370 353 359
368 354 359
370 353 360
377 350 360
379 345 365
383 339 366
383 337 370
386 344 374
388 348 376
379 355 382
389 357 380
393 359 364
385 359 352
383 362 361
381 365 358
377 355 358
373 356 357
371 358 354
369 359 352
369 360 351
367 359 350
368 360 351
370 361 353
372 362 356
375 363 358
376 362 364
378 362 368
382 361 372
383 357 375
387 353 370
388 350 371
390 347 370
391 345 367
391 345 360
388 342 361
386 340 361
384 343 360
379 346 357
378 348 358
376 351 357
371 355 359
371 355 359
373 356 360
373 356 362
373 357 366
376 355 368
379 351 368
383 350 368
386 354 369
389 355 369
386 360 379
386 364 375
386 366 367
387 367 358
385 359 357
377 360 359
374 359 356
376 357 353
374 359 352
371 355 353
371 358 355
369 357 353
370 358 354
371 359 353
370 361 355
372 364 360
372 360 367
376 351 369
377 354 371
376 350 377
384 353 368
383 349 373
386 344 366
387 345 367
387 345 366
386 344 362
385 344 360
383 345 359
379 347 359
377 346 359
375 348 361
372 349 360
372 350 361
372 351 362
374 351 364
375 347 365
376 348 367
378 350 370
381 352 371
383 353 376
388 356 373
392 361 371
393 363 367
390 367 369
386 365 362
385 365 358
382 365 358
377 363 357
375 359 354
374 360 354
370 360 353
369 360 354
368 360 355
367 359 356
367 360 356
370 361 362
371 361 361
372 363 361
375 362 361
374 361 366
378 362 372
379 357 373
383 351 376
392 348 370
396 343 367
395 339 371
389 335 370
385 334 370
383 333 366
382 336 360
377 343 360
375 346 358
371 351 359
370 352 359
367 354 361
367 355 362
368 354 367
371 352 370
377 348 371
380 345 369
384 348 374
389 351 376
393 356 375
394 362 372
392 365 369
386 369 362
382 364 359
381 364 357
378 363 352
375 361 352
372 360 351
370 360 353
369 362 353
366 362 355
365 361 356
366 357 358
369 359 362
371 362 365
374 359 364
376 355 369
379 357 370
382 355 375
386 351 373
387 346 368
390 346 367
392 341 364
390 340 365
384 339 366
380 338 365
378 338 363
376 340 362
372 341 362
370 346 361
369 348 363
370 346 362
371 348 363
371 348 369
370 348 373
375 345 375
382 345 373
385 348 373
391 349 374
395 360 372
397 362 368
392 361 367
387 362 365
383 364 360
379 368 356
378 358 351
373 362 352
368 361 352
367 362 352
368 363 350
367 362 352
367 361 354
369 359 357
371 360 361
375 361 365
378 360 368
382 355 365
384 356 374
386 354 373
386 343 369
392 349 371
387 346 372
390 343 368
387 345 363
383 341 363
382 339 363
380 339 363
377 341 362
375 343 361
374 345 361
374 346 360
374 347 361
373 349 363
375 350 365
373 349 369
380 347 368
383 346 368
387 344 371
391 339 389
391 355 372
392 356 366
389 358 362
385 362 363
382 364 360
382 362 355
378 356 355
373 357 355
371 358 354
371 356 351
370 357 349
369 357 349
369 357 352
370 355 353
371 355 357
372 356 360
374 355 363
377 353 365
382 351 373
387 343 369
389 349 366
387 344 369
390 344 362
389 341 361
388 341 358
386 338 360
383 336 361
384 338 359
382 336 358
380 335 358
378 337 359
377 342 359
377 339 358
377 343 362
374 342 365
376 343 365
378 346 367
378 344 371
382 338 371
386 343 370
388 346 371
389 351 373
389 351 366
390 358 364
388 357 362
383 359 362
380 361 358
377 355 355
375 354 356
372 351 354
370 350 352
368 352 351
368 353 350
367 354 350
368 355 350
369 356 353
370 357 357
370 358 362
373 356 363
378 356 363
382 352 365
386 354 368
389 352 374
393 338 372
393 340 367
391 339 367
388 343 363
389 342 363
385 342 359
382 343 358
379 344 358
379 345 357
377 346 358
375 346 360
376 345 362
376 345 363
375 345 366
377 346 367
378 345 367
380 344 370
385 345 368
385 347 368
385 351 371
384 353 376
386 353 376
385 357 369
388 355 362
383 354 361
376 358 359
374 359 352
374 359 350
371 359 348
369 360 348
369 358 348
368 358 351
371 357 353
370 357 357
373 357 361
374 356 364
377 358 367
381 360 371
382 355 366
383 355 375
385 350 374
386 348 371
385 346 372
386 346 368
386 345 365
385 341 361
385 332 361
382 335 361
377 336 362
374 344 365
372 346 362
372 350 362
373 351 361
373 353 361
375 348 363
372 348 367
373 352 368
379 348 369
384 345 366
383 345 368
385 347 371
386 350 373
388 353 369
389 356 364
384 356 363
380 361 360
378 361 356
375 359 354
372 357 352
370 356 354
369 355 354
368 356 353
369 357 354
369 356 355
371 356 358
373 357 358
375 358 362
379 355 367
380 355 368
382 355 371
384 351 366
388 349 371
391 349 366
389 348 367
389 347 365
388 349 361
387 346 358
383 342 358
382 341 359
378 344 359
377 344 360
374 347 360
371 350 361
370 351 360
370 352 359
371 351 361
374 347 364
377 344 367
381 341 368
384 341 371
386 345 372
386 352 375
390 355 377
393 360 367
388 359 363
385 358 362
382 360 359
380 360 354
378 356 352
371 357 355
368 358 356
367 359 354
369 359 351
369 360 353
371 357 353
372 358 356
374 360 359
376 357 365
377 357 369
380 352 370
386 350 371
386 351 373
388 347 367
387 347 365
384 346 366
385 344 364
387 345 359
385 350 359
382 343 359
381 341 360
380 340 360
376 340 361
374 342 362
374 345 363
373 347 361
374 349 361
375 347 362
376 347 366
377 346 368
380 347 369
382 349 369
381 350 370
385 352 369
386 356 367
388 356 366
388 357 360
383 358 360
381 365 362
379 363 356
379 358 353
373 355 355
372 355 356
372 356 354
373 357 355
371 357 354
372 354 353
371 355 354
373 357 359
374 357 361
374 357 364
375 356 366
378 355 368
381 355 369
390 349 366
391 349 363
390 349 361
387 346 367
388 348 364
388 344 361
386 339 358
383 335 361
379 335 365
376 334 363
372 339 364
369 344 364
368 348 363
369 346 363
370 346 364
371 345 365
373 346 367
376 346 368
379 346 368
384 348 365
389 352 363
394 355 362
393 359 363
393 361 360
390 357 357
386 358 357
384 356 358
381 353 357
376 353 359
374 356 358
373 354 356
370 355 355
367 355 353
368 357 355
368 356 356
369 355 358
370 355 363
372 356 364
375 355 363
379 357 366
382 355 362
386 351 369
388 347 368
390 343 367
391 343 367
392 345 363
389 345 360
386 343 358
384 340 355
383 340 356
380 339 356
377 342 356
375 346 357
371 349 358
367 353 359
366 352 361
365 353 360
367 352 362
369 349 368
367 346 372
372 345 374
380 347 371
383 348 373
387 343 368
390 349 365
388 351 364
383 350 363
384 357 365
382 354 363
377 352 366
375 354 370
375 355 366
372 356 358
370 354 357
367 351 356
366 354 355
365 354 358
366 351 361
366 346 359
368 348 359
372 351 361
376 350 360
380 352 365
381 351 368
386 350 368
388 346 368
392 339 369
390 347 352
385 342 359
383 341 368
380 336 360
380 335 356
376 340 355
374 341 356
372 335 357
371 338 356
370 343 361
368 343 367
366 341 367
373 346 368
376 349 368
378 343 369
384 340 368
388 343 365
390 346 365
389 349 363
386 355 361
385 353 359
380 355 359
379 354 357
379 355 356
381 353 355
378 351 358
377 352 363
374 352 364
372 352 362
371 352 362
370 353 360
369 353 359
369 352 358
369 353 358
372 351 359
374 350 362
376 348 364
380 352 356
384 348 369
389 346 368
392 339 362
396 342 361
394 342 359
389 342 361
386 345 357
386 346 355
382 345 356
380 347 356
377 348 356
374 348 355
373 348 356
369 349 358
368 349 360
371 349 360
372 349 362
373 349 364
376 349 366
383 345 363
386 344 361
388 348 363
389 353 364
386 351 360
387 354 361
384 354 359
380 353 362
382 348 362
379 346 360
381 347 361
379 347 361
377 350 361
375 352 358
375 352 356
373 350 357
371 351 357
370 351 358
370 351 359
369 353 360
369 352 360
370 355 357
372 356 359
376 354 364
378 354 367
382 347 366
387 352 367
388 346 365
390 347 362
392 346 361
392 346 362
389 342 361
386 343 358
384 343 355
382 345 355
378 345 355
376 343 356
373 341 355
371 342 358
369 343 360
370 343 363
371 343 363
374 341 364
378 342 368
383 344 366
385 347 365
389 349 367
391 351 363
388 351 363
389 353 363
389 352 363
383 352 363
380 353 360
379 354 358
375 353 359
373 352 357
372 353 358
369 355 357
368 357 356
367 358 357
368 357 357
369 353 360
371 356 363
375 354 363
378 354 366
382 352 366
385 351 365
387 350 371
386 345 368
388 342 363
389 345 361
389 345 359
386 348 360
384 347 359
383 347 359
381 347 358
377 348 356
374 348 357
371 349 357
371 351 359
369 351 358
369 352 359
372 350 365
377 349 366
381 347 366
390 342 376
392 356 360
394 353 369
399 359 370
393 363 370
390 363 365
390 357 358
384 358 358
379 357 358
374 358 356
374 357 354
370 358 354
367 358 357
365 360 354